TABLE OF EXPONENT BIASES
esize; esize_real   values of exponent    meaning       g=2^esize
0; 1                0                     <subnormal>    1
                    1         (1)         0
----------------------------------------------------------------------
1; 2                00                    <subnormal>    2
                    01        (1)         -1
                    10        (2)         0
                    11        (3)         1
----------------------------------------------------------------------
2; 3                000                   <subnormal>    4
                    001                   -3
                    010                   -2
                    011                   -1
                    100                   0
                    101                   1
                    110                   2
                    111                   3
----------------------------------------------------------------------
3; 4                0000                   <subnormal>   8
                    0001                   -7
                    0010                   -6
                    0011                   -5
                    0100                   -4
                    0101                   -3
                    0110                   -2
                    0111                   -1
                    1000                   0
                    1001                   1
                    1010                   2
                    1011                   3
                    1100                   4
                    1101                   5
                    1110                   6
                    1111                   7
