-40.08394982063837 160.6798456545175 r: 165.60415403238838
84.21748090173371 -125.56774906901397 r: 151.1947211237639
-109.9397614178631 121.22061923802237 r: 163.6495941610191
141.81843278338047 -61.07372495857099 r: 154.41006365340758
-151.7685122854399 51.12189834857546 r: 160.14721293890133
157.0381770137462 22.017531760510845 r: 158.5741490427295
-152.52193266101423 -32.51974637003566 r: 155.95022874822084
128.58764455423872 99.29364888254723 r: 162.46233729827296
-108.90085842904806 -106.36792864266054 r: 152.22855583074318
66.6825976087479 151.0129054449923 r: 165.08018183533835
-31.482736564730143 -146.83265687268977 r: 150.16987655950592
-11.817385830607957 165.40949249586058 r: 165.83109122118088
56.06092513233909 -139.6665690775687 r: 150.49776690899105
-87.41566930967018 139.41492234754358 r: 164.55400272867635
125.66919739544201 -87.43521510945168 r: 153.093644594577
-141.06881956629442 78.67694172451182 r: 161.52545623817306
156.853399481693 -8.111247300432687 r: 157.06298501471423
-157.43283012323388 -2.5768558816283997 r: 157.45391766115475
143.26750581090593 73.84889091420007 r: 161.18075849969
-129.16809250808993 -82.78263830004151 r: 153.41890798103725
91.58332469004885 136.45691832990482 r: 164.341096264377
-61.63736089819405 -137.46438390439056 r: 150.65065914461806
16.820768542300208 164.9418509535089 r: 165.79732341121547
25.554437770304183 -147.90416656727467 r: 150.09554216470414
-62.078748151605915 153.12764277256417 r: 165.23270243251648
104.51158107699982 -110.30577916109729 r: 151.9540571868717
-125.57240919063963 103.56166108266373 r: 162.7680791683122
150.87323903528386 -37.93471784509995 r: 155.5692034915177
-156.5696807356774 27.46609717457465 r: 158.96053415761764
153.04483651426727 45.88205751552228 r: 159.774482272785
-144.3197706350943 -55.91252793777681 r: 154.77211304546728
113.52569223395848 117.4976344848119 r: 163.3823029178066
-89.21613198133284 -122.34445774946265 r: 151.41890419535022
44.929608121274995 159.28848980977293 r: 165.5037542529156
-6.031739306452358 -149.88604915804655 r: 150.00736519007773
-34.76857448771498 161.9773519358443 r: 165.66688357078536
79.09586556811179 -128.67565035051908 r: 151.04164638634555
-105.90224184816647 125.00893372311145 r: 163.83686501839813
139.15872449114408 -66.3105072156444 r: 154.15003720141675
-150.12390221765486 56.53502412976517 r: 160.41631765630677
157.44715016511012 16.30901443837028 r: 158.28957339972112
-153.90227941808715 -26.878764512420613 r: 156.2318136353705
131.73661762539658 94.68105487412005 r: 162.23143522590215
-113.12202574009623 -102.18107051412264 r: 152.43872171779418
71.6171899866501 148.60085864511515 r: 164.95828894496157
-37.362691066016986 -145.51748612990275 r: 150.23751014064717
-6.36183791638055 165.7226993407857 r: 165.84476494140765
50.399762763548544 -141.7021999017436 r: 150.39830299446757
-82.77987625794997 142.38573487261849 r: 164.70035035936357
122.00979034101756 -92.0906237764287 r: 152.86291874287497
-138.468078905 83.64697645895913 r: 161.77214082272314
156.16465671276737 -13.847464743254926 r: 156.77739724217955
-157.70849760558553 3.16958594133916 r: 157.74034516270882
145.52568893071546 68.69127003571525 r: 160.92301487941032
-132.4622300392776 -77.88706571958134 r: 153.66404066464244
96.01698635969277 133.17075013032 r: 164.17585193891807
-67.11956211260134 -135.0111849927502 r: 150.77485099091948
22.24488030081498 164.2621845926805 r: 165.76157572476632
19.586904063697773 -148.77058806318422 r: 150.05443906618075
-57.00087808360703 155.19742690480334 r: 165.3340298310484
99.97660485166958 -114.17784795029169 r: 151.76265179624008
-122.12524528192809 107.93242641758071 r: 162.98461340739368
149.08105324994693 -43.48388347601261 r: 155.29329850405315
-155.76161047935975 33.10781616182353 r: 159.24134761464717
154.31125566373862 40.34474909942124 r: 159.4981579969341
-146.58110540716729 -50.516691535253536 r: 155.0417898053781
117.30592365413136 113.43063941530349 r: 163.1783983329702
-94.07827876548373 -118.86947558921538 r: 151.59378207014672
50.15116039537166 157.6340265826689 r: 165.41954305845442
-12.054190904774424 -149.54157028885075 r: 150.02661351514948
-29.4133339591346 163.0892843659173 r: 165.72042387581146
73.85490510308307 -131.58924360591945 r: 150.89823074033512
-101.73922338682452 128.64925833098548 r: 164.016771229246
136.301380017084 -71.45295983147469 r: 153.89474215592904
-148.28988638116834 61.87697454932887 r: 160.6818296582352
157.6494434204867 10.579242101748326 r: 158.00401062706175
-155.0725938851295 -21.2009466174988 r: 156.51514147755907
134.7248429469545 89.95308268862759 r: 161.9948776729333
-117.17711722107732 -97.84404311426911 r: 152.65625952835688
76.46861231312536 146.0163941355863 r: 164.82789820128735
-43.185370164484674 -143.97908345006817 r: 150.31617566770802
-0.8990196558773764 165.84664211336872 r: 165.8490787934062
44.661582442701295 -143.52113726009247 r: 150.30959312936918
-78.04750445539196 145.19057748188848 r: 164.83845649980677
118.17273024414061 -96.61178929974993 r: 152.63889414252745
-135.69695044572453 88.5142341785116 r: 162.01367847338634
155.26498786757688 -19.5648250614239 r: 156.49280762131824
-157.77499572273874 8.911977660257891 r: 158.0264934152725
147.60197709535942 63.44794437627596 r: 160.66108828224094
-135.56647038686506 -72.87967929047346 r: 153.91463720723584
100.33755764726763 129.7278851508069 r: 164.0028952802959
-72.49995726802094 -132.35304521944397 r: 150.90915274669408
27.643527894791323 163.39464369638543 r: 165.7165478253118
13.589233758083147 -149.40796248857495 r: 150.02468639900317
-51.85725947857014 157.08834576513283 r: 165.42649042959738
95.29289774883262 -117.87990538678488 r: 151.5797099065928
-118.53109896529399 112.1734427924294 r: 163.1946772717381
147.08173759416653 -48.972479646662876 r: 155.02045444541204
-154.7526836026154 38.70699544456675 r: 159.51998175324903
155.3796364632426 34.75581704819635 r: 159.21934005056397
-148.63780260783753 -45.050175484461874 r: 155.3148887752468
120.94546813235391 109.22775868783094 r: 162.96781746627542
-98.80000760770625 -115.21691632869315 r: 151.77740052977546
55.31495190633868 155.7981663106362 r: 165.32638183350295
-18.05808740513836 -148.96673125458193 r: 150.0572608753287
-24.024400865908838 164.0145472478972 r: 165.7647234664197
68.50219219701296 -134.30357120894908 r: 150.76471594930214
-97.45603150517647 132.13777500121196 r: 164.18912771255245
133.24950156320344 -76.49327837255308 r: 153.6445615797157
-146.2696952332534 67.14139233838642 r: 160.94343822836012
157.6436783002887 4.835661423501831 r: 157.7178269234257
-156.03241503410882 -15.494196605652816 r: 156.7998235644129
137.54796051677215 85.11502480922096 r: 161.75292544679928
-121.06090709418538 -93.36382122150646 r: 152.88082397589437
81.23102207257126 143.26211473361127 r: 164.68913887959025
-48.941950778503944 -142.2201503594738 r: 150.40573697261962
4.5648251751044775 165.78119377987983 r: 165.8440286533143
38.855032909732536 -145.12021661209639 r: 150.23179041720223
-73.22430132281926 147.82659871643693 r: 164.96818357575955
114.16285237256234 -100.9915142012385 r: 152.42192362812648
-132.75958212723336 93.27320710266562 r: 162.24980064645493
154.15447306658083 -25.255463096350763 r: 156.20960272226012
-157.6333598099279 14.642766610366643 r: 158.31199177248658
149.49288058031044 58.125082990764135 r: 160.39528240220216
-138.4773021407979 -67.76816228136188 r: 154.17031824312625
104.53957951374147 126.13189952626009 r: 163.82240311694994
-77.77067607020724 -129.4945270408656 r: 151.05333690440133
33.010506234253626 162.34007042220557 r: 165.66228293286423
7.5706421946946145 -149.81517365456693 r: 150.00633613413848
-46.653924466065895 158.79851866083962 r: 165.509994250989
90.46691828157354 -121.40581430003361 r: 151.40553176558362
-114.7948403522756 116.28012125478575 r: 163.3980476337833
144.87699931211114 -54.39252422710959 r: 154.75106339369094
-153.54523456414307 44.25667328708896 r: 159.79609565880466
156.24756890288958 29.122201583675672 r: 158.93836985807886
-150.4880731851032 -39.52093949477872 r: 155.59101783044846
124.43940362676591 104.893529647884 r: 162.7507841362882
-103.37480059093376 -111.39284933717578 r: 151.96945838118282
60.41492890665938 153.78272308611562 r: 165.22436126242894
-24.03420327671625 -148.16255615642086 r: 150.0992537421525
-18.607970083719422 164.75222965337744 r: 165.79973982607999
63.04555306559584 -136.81399060393053 r: 150.64132828118335
-93.05808381348474 135.47084895977412 r: 164.3537583413275
130.00652315695004 -81.42373998187016 r: 153.39987449797275
-144.06675007673098 72.32207427303388 r: 161.2008402733233
157.42873902005337 -0.9141819163968046 r: 157.43139330521197
-156.78158032397263 -9.766374092133157 r: 157.08547352250548
140.20176079348687 80.17234640991155 r: 161.50584775315403
-124.76848901746506 -88.7475495889171 r: 153.11206160762973
85.89863900591226 140.3408091108168 r: 164.5421492656114
-54.623754301916804 -140.24376420553142 r: 150.5060395219171
10.023451555587728 165.5264120076155 r: 165.82961934830004
32.98891132808191 -146.49664786046455 r: 150.16502956735633
-68.31607892001504 150.2911319707094 r: 165.089403015587
109.98531357188654 -105.22276770897089 r: 152.21235181759153
-129.66027427385694 97.91855800819984 r: 162.48024719078012
152.8334908277954 -30.91146592474457 r: 155.92817142590516
-157.28488863911986 20.354495931725562 r: 158.59647442126501
151.19509891472057 52.729011512631075 r: 160.12590855614627
-141.1915444248188 -62.56028303719143 r: 154.43070041529657
108.6176828146251 122.38655404859273 r: 163.63456123908423
-82.92407834944437 -126.4405101937619 r: 151.20716050559113
38.3396300663886 161.09949203865133 r: 165.59883323483598
1.5403906830141356 -149.9915107716827 r: 149.99942035564047
-41.39694553832741 160.3262498604558 r: 165.58446030416184
85.5054093548013 -124.74968992318983 r: 151.2404051993519
-110.92145703225067 120.24805248468385 r: 163.5945101661933
142.46886929431807 -59.736053504196946 r: 154.48551649348155
-152.14182144286474 49.75002101626622 r: 160.06935504046822
156.91287311671823 23.450972922607676 r: 158.65559517634478
-152.13044753564606 -33.93695165166952 r: 155.86978461139836
127.78292975881949 100.43266982554684 r: 162.52753091717938
-107.7964306335333 -107.40358347054314 r: 152.16964283208424
65.44507995528255 151.5896967134445 r: 165.11358102841638
-29.97337503153422 -147.13047173412232 r: 150.15251887160056
-13.17025474200502 165.30160538097863 r: 165.82543939787433
57.49303310140934 -139.1161873553485 r: 150.528277873256
-88.55088456379166 138.64502920691382 r: 164.51049595942484
126.57621059624356 -86.23671909366736 r: 153.16105513133778
-141.68465554231767 77.41297505097066 r: 161.45374050292986
157.0037797924576 -6.6626518578016976 r: 157.14508518848686
-157.32021969190782 -4.025283400813003 r: 157.3717078460007
142.682191859972 75.13068289456925 r: 161.25392207996114
-128.29528023907065 -84.00252645237177 r: 153.34961161347326
90.4657501810673 137.25545167432318 r: 164.3870766518638
-60.222264618657384 -138.05336897550237 r: 150.61691087419698
15.47061733644378 165.0825392165483 r: 165.8058646579001
27.07214467201251 -147.64802370627018 r: 150.10942649117575
-63.328708955119666 152.58169568488057 r: 165.20199525428183
105.64558722816336 -109.29870244476872 r: 152.01051429718132
-126.40347255595204 102.44512264478419 r: 162.70476645724978
151.30272381968945 -36.52488455276976 r: 155.64890435480226
-156.7311370824803 26.039812957362056 r: 158.87958078375468
152.7055286534122 47.266207750661316 r: 159.8532854727946
-143.70634647241965 -57.26387935921093 r: 154.6953971381094
112.56659421762178 118.49579345593871 r: 163.43956436709934
-87.95276793315398 -123.19617794943348 r: 151.37036581990452
43.624738365751654 159.67412099516977 r: 165.52625988966344
-4.492234266187486 -149.93667061500128 r: 150.0039511606734
-36.09243096630719 161.67002864132644 r: 165.64981658288957
80.41538776903052 -127.90591554740895 r: 151.08460484796078
-106.91604773025917 124.07300809206737 r: 163.7838593979067
139.85970503805635 -64.99513655683076 r: 154.22420325413648
-150.54521817223974 55.18034888146605 r: 160.33943250868631
157.37360719051958 17.749324577516056 r: 158.37136977090896
-153.56377149298018 -28.30617500181413 r: 156.15079717497943
130.97137447582645 95.85007536557305 r: 162.29829906586573
-112.05897005476643 -103.25565089596473 r: 152.37763028635268
70.39944064505916 149.2212727129224 r: 164.99414981508153
-35.8665214789659 -145.87230295107028 r: 150.21696352692643
-7.717481988846105 165.66213296101802 r: 165.84179758264253
51.85288139034983 -141.2061875412288 r: 150.4257581280891
-83.94001911355652 141.6570490305675 r: 164.65918240059628
122.96266042334693 -90.92470358706149 r: 152.92847210634886
-139.1271920834711 82.40821096260258 r: 161.70185160067857
156.36823191021386 -12.402031254112053 r: 156.85928193752002
-157.64874920905046 1.721336995469105 r: 157.6581464061723
144.98536673639728 69.9958370718019 r: 160.99743406362057
-131.63702480165708 -79.13618708263415 r: 153.5931066311563
94.9267151780924 134.00920237327074 r: 164.22407733101414
-65.72914538631004 -135.6527651178843 r: 150.73816118469327
20.90008729833088 164.4500026312952 r: 165.77278731598517
21.113770644614213 -148.57232686536543 r: 150.06507795294132
-58.26811798478119 154.6959934272508 r: 165.30584973294927
101.14945729764973 -113.21267095617995 r: 151.81673681330835
-122.99376114261256 106.84791176390782 r: 162.92311538978703
149.5631642010193 -42.08774596758006 r: 155.3721932858406
-155.97390861908423 31.691476903997582 r: 159.16095588513863
154.02127111656762 41.74329707553189 r: 159.57773907127316
-146.0191862967691 -51.88684342758125 r: 154.96401933238857
116.38114206106074 114.46374574309607 r: 163.23761612133688
-92.84960530391578 -119.76700286040787 r: 151.5426810481387
48.85969852193099 158.06535502640293 r: 165.444633032555
-10.517941542278557 -149.650758399093 r: 150.01992062293093
-30.746520512461903 162.82852923292208 r: 165.70600005968342
75.20413289737698 -130.8691575691315 r: 150.93839143074402
-102.783816249456 127.75094156661693 r: 163.96589875324415
137.0521930098637 -70.16188983278046 r: 153.96751083822897
-148.75840680689544 60.541111258881294 r: 160.6060078209593
157.62807485187986 12.024566362074886 r: 158.08605307776452
-154.78720170133937 -22.636554810925794 r: 156.43366461295716
134.0002007364786 91.15081936216636 r: 162.0633384446058
-116.15679796297418 -98.95579079275755 r: 152.59308714496603
75.27209827789147 146.67982233131045 r: 164.86618530887816
-41.70466347775823 -144.39026738138162 r: 150.29247576063128
-2.2558888713344816 165.83345563414457 r: 165.84879873596194
46.133534453860555 -143.0803692488498 r: 150.33394515408935
-79.23114856087432 144.5038263696781 r: 164.79966850013204
119.1702980187417 -95.48031109724653 r: 152.70248765852733
-136.39830855888638 87.30206318751095 r: 161.9448943762085
155.5218105607173 -18.124531703495926 r: 156.5743663872049
-157.7678644141395 7.465824503788071 r: 157.94441293480332
147.10757079726835 64.77377598951058 r: 160.73667733847375
-134.78979583710975 -74.15608741156586 r: 153.8421735480929
99.27597146457563 130.60540636334997 r: 164.0533165820521
-71.13625665026353 -133.0460983771373 r: 150.86958375892425
26.305637334579572 163.62941431853525 r: 165.73041901173514
15.122917993380021 -149.26793614991522 r: 150.0320612772139
-53.140282632370116 156.63191395884812 r: 165.40086489695324
96.5030112497793 -116.95824217373891 r: 151.6313344683281
-119.43585595149196 111.1221129473551 r: 163.13505960629763
147.61611846574525 -47.59206576267182 r: 155.09843053510056
-155.01524772019354 37.3023661057477 r: 159.44025069862442
155.1396401746485 36.167047335644604 r: 159.29960221701174
-148.12786866217832 -46.43710703479298 r: 155.23617614512528
120.0562624388889 110.29472124190504 r: 163.0289289807944
-97.60771938697816 -116.15873187960031 r: 151.7238210559039
54.03841070803723 156.27477721548505 r: 165.35403177908907
-16.52745616238027 -149.1342873905163 r: 150.0473008176972
-25.36538113515948 163.80061076829625 r: 165.75295668011114
69.87917431684802 -133.63438004236474 r: 150.8020110360323
-98.53006552450165 131.27798910413455 r: 164.14044058515213
134.0493502677943 -75.22849217069589 r: 153.7158233282906
-146.78456980473666 65.82591146122098 r: 160.86876810761657
157.67483306043238 6.284116898465816 r: 157.80000984102887
-155.80020049593318 -16.93600634588958 r: 156.71799764392406
136.86501333008692 86.34014996604775 r: 161.82290743279978
-120.08460660710232 -94.51093291730821 r: 152.8156706129396
80.05719661035333 143.9679025243019 r: 164.72981419996705
-47.47894316200093 -142.68696845122867 r: 150.37892475204907
3.208281673282959 165.81540132752366 r: 165.84643616521538
40.343599308284254 -144.73547311676631 r: 150.25299725290535
-74.43000458793573 147.18246403459463 r: 164.9318140998118
115.20387483901943 -99.89630538550337 r: 152.48345683253055
-133.50211497125642 92.08898065805492 r: 162.1825978964395
154.46452136134386 -23.82230377743004 r: 156.29072434617868
-157.6785333684858 13.200601758111995 r: 158.23013547366054
149.04526922608017 59.47062755467827 r: 160.47195337635165
-137.74999685612744 -69.06988798162732 r: 154.09643428599398
103.50803975555397 127.04759367395037 r: 163.87496865713976
-76.43567045480589 -130.2378478275723 r: 151.01095564439544
31.681058476544987 162.621571242017 r: 165.678800392255
9.108786612917914 -149.733631325892 r: 150.01043411575682
-47.95122503354661 158.3875311983199 r: 165.48694819023217
91.71263206510375 -120.52921758541027 r: 151.4546109303387
-115.7345980713518 115.26309215679478 r: 163.34037346682882
145.4632117648899 -53.02986124031476 r: 154.82800831930973
-153.8574321423813 42.86548475969382 r: 159.717122466976
156.0581700368045 30.544363323559665 r: 159.01921445560535
-150.0305223588166 -40.9226272261023 r: 155.5114756484096
123.5870054058323 105.99321154634666 r: 162.81372423444472
-102.22051827952659 -112.377371023006 r: 151.91348812853116
59.154812267436256 154.30415604897286 r: 165.25454422914183
-22.51153988727917 -148.38817725197237 r: 150.08604390901684
-19.955202762790158 164.58531721931476 r: 165.79064135676217
64.44827847580181 -136.19685861566782 r: 150.67569444097714
-94.16019182361144 134.65047028083552 r: 164.30730620124436
130.85452532807074 -80.1872001628946 r: 153.4695209766383
-144.6270823495898 71.02850614468235 r: 161.12740807851472
157.51269946544332 0.5354955904407946 r: 157.51360972442492
-156.60253034122707 -11.212403165539753 r: 157.0034091796148
139.56156582246606 81.42348825429352 r: 161.57727282732432
-123.83740669411984 -89.92818112291481 r: 153.0450295070069
84.74894066666745 141.08825591928363 r: 164.58517218287798
-53.1806425803525 -140.76538759046443 r: 150.47616119755605
8.668784753668637 165.60798265010894 r: 165.8347121279023
34.49183589885889 -146.168611889375 r: 150.18305445469056
-69.54238453651105 149.69024980753284 r: 165.05548804709753
111.068464812511 -104.16561270852429 r: 152.27172668210693
-130.4428754196219 96.76358249321869 r: 162.41469959539052
153.19666662202 -29.487447602260254 r: 156.00874408248526
-157.38198951299833 18.918185204673833 r: 158.514946785809
150.79511448199298 54.0926770709339 r: 160.20357132204546
-140.5143620399432 -63.88533842304893 r: 154.35550655846302
107.61752929215703 123.33947898918801 r: 163.6892167745714
-81.61968528980435 -127.2328133046105 r: 151.16203825105222
37.02016062444371 161.42745541264568 r: 165.61798106987456
3.080627745456256 -149.96859676216675 r: 150.00023427354853
-42.70700877195961 159.96110405306686 r: 165.56401604250942
86.7849896375578 -123.91964685725564 r: 151.28685766985168
-111.89494771761281 119.2663946808896 r: 163.53884011116452
143.1063919315804 -58.3931643972986 r: 154.56131812327766
-152.50296533274087 48.37396852426906 r: 159.991234966376
156.77462293510587 24.882281522679673 r: 158.7369217611911
-151.72559661206589 -35.35137312326007 r: 155.7895254790491
126.96854089167385 101.56388883509163 r: 162.59223195302874
-106.68169839851276 -108.42917014104601 r: 152.1113727196857
64.20288154733082 152.1554457287241 r: 165.146267483971
-28.46101092173393 -147.41375126844022 r: 150.1360822911022
-14.522194796128415 165.18187726160076 r: 165.81901796043553
58.91943511073199 -138.55219350556615 r: 150.55965647865833
-89.67967964030841 137.86488821736404 r: 164.46632586512848
127.47139864007082 -85.0303632681465 r: 153.22897946788265
-142.28950502404226 76.1428087192101 r: 161.3816301802568
157.14075975124902 -5.213685222903403 r: 157.22722693224378
-157.19424780957095 -5.473566623638228 r: 157.28951483172744
142.08576737562075 76.40642636795862 r: 161.3267097570681
-127.41053139367564 -85.21479733063764 r: 153.2808050413373
89.3416012898241 138.04381099426286 r: 164.43240396846866
-58.80120132159131 -138.6288755028853 r: 150.58401774443655
14.119377119498797 165.2113969479345 r: 165.81363783395685
28.587139180875425 -147.3772789149093 r: 150.1242381060091
-64.57414679939754 152.0246564251719 r: 165.17056818955885
106.76945989422744 -108.28133815218723 r: 152.06763547229028
-127.22500124699246 101.32066012772616 r: 162.6409453705168
151.71885128057178 -35.112024019911054 r: 155.72881578138026
-156.87972438490362 24.611193298898467 r: 158.79848474931703
152.35395396730678 48.64636318885602 r: 159.9318478007877
-143.07995592659944 -58.61026193896873 r: 154.61900462915986
111.59914359170529 119.48496108614364 r: 163.49625309516827
-86.68084009936271 -124.03610191223409 r: 151.32257801766863
42.31677685149295 160.04823397804353 r: 165.54801962750753
-2.952276709755618 -149.97242393794286 r: 150.0014795913461
-37.413734255625556 161.35107648305916 r: 165.6319938695196
81.72703048550468 -127.12384365274765 r: 151.12835318704046
-107.92197775668804 123.1277465932241 r: 163.73025152378003
140.54793253935608 -63.67403637941467 r: 154.29874999472423
-150.95456861730472 53.82109075969408 r: 160.26225880412326
157.28699700172388 19.187963223409756 r: 158.4530762039135
-153.21185734824957 -29.731312033216096 r: 156.06993351480878
130.1961655673458 97.01160406955981 r: 162.36469090473074
-110.98525365639965 -104.3206065532931 r: 152.31715425657856
69.1766429822363 149.83078604289943 r: 165.02930764117292
-34.366764718019866 -146.21273221111917 r: 150.1973287972332
-9.072581428172917 165.58970434694066 r: 165.83805932136943
53.300841546949954 -140.6963223281825 r: 150.45409541215187
-85.09409574738112 140.91793041669087 r: 164.6173388315696
123.90398151909403 -89.75044033971872 r: 152.99456911098972
-139.77557608759525 81.16289359995656 r: 161.63114479622112
156.5583747710069 -10.955729979900848 r: 156.94123973746207
-157.5756974121224 0.27274540394572017 r: 157.57593345740375
144.4336902997108 71.29472428773475 r: 161.07150152915597
-130.79964017950707 -80.37818460147602 r: 153.52263165708655
93.82952076284033 134.83768162081057 r: 164.27166326381237
-64.33223454930048 -136.28114206975417 r: 150.7023094910716
19.55382172808207 164.62602633757655 r: 165.7832334461904
22.63851966300304 -148.35935579638684 r: 150.07665049850718
-59.53120558161386 154.1833418876209 r: 165.27694138516532
102.31256404612337 -112.23678252184344 r: 151.87151185310455
-123.85304393719768 105.75517974864141 r: 162.86108969356945
150.0319882810897 -40.68806686878876 r: 155.45133094668589
-156.17348014423845 30.272354654672416 r: 159.0803927475071
153.7188378377091 43.13827314934555 r: 159.65710668956598
-145.444172395501 -53.25253992533739 r: 154.88654006178803
115.44768640974699 115.48812205504863 r: 163.296278687437
-91.61192733986574 -120.65311385334643 r: 151.4923071097454
47.56476766404908 158.48525930913354 r: 165.46898362296864
-8.9806348133167 -149.74511266209657 r: 150.0141678903501
-32.077534433623356 162.55607744230247 r: 165.69081606645594
76.54596678090859 -130.13640075580378 r: 150.9793622721302
-103.8208677106065 126.84305564177848 r: 163.91440856961466
137.79043553520745 -68.86458175232032 r: 154.04069184765487
-149.21517352508806 59.200267602886626 r: 160.52987165750656
157.593533943417 13.46868796320974 r: 158.1680356337058
-154.4883826079954 -24.07039690119734 r: 156.35230848252783
133.2653092789073 92.3413856715858 r: 162.1313484954448
-115.12548282650123 -100.05836907088131 r: 152.53050192390938
74.07017138088553 147.33250254389955 r: 164.90377980580652
-40.21979338626588 -144.78723712290767 r: 150.26967696018718
-3.6125979456217374 165.80839663761435 r: 165.8477472245347
47.600887108897346 -142.62553164497245 r: 150.3591923713513
-80.40908415905734 143.8064688964591 r: 164.7601933470783
120.15661476196023 -94.34001549151422 r: 152.766654064273
-137.08920422990084 86.08299916541547 r: 161.8756703822424
155.76518746574445 -16.68286907830859 r: 156.65603003690123
-157.74750495849437 6.018848190932159 r: 157.86228762492863
146.60157722391358 66.09430718977167 r: 160.81193950523388
-134.00072105312054 -75.42587114299626 r: 153.77013780456886
98.20711772649936 131.4731670343582 r: 164.10311277422727
-69.7655493133773 -133.7262456294965 r: 150.8308345172091
24.96589143464167 163.8524377804012 r: 165.74352808392416
16.65508435129239 -149.11311868732693 r: 150.0403745643469
-54.419526493764344 156.16414934803126 r: 165.3745034925267
97.7037867786191 -116.02545853395324 r: 151.68367406842427
-120.33168853895789 110.06228388800443 r: 163.0748956807284
148.13730363455392 -46.20759514668214 r: 155.17668180933535
-155.2652420084616 35.894515139438 r: 159.36032000796652
154.8870267177259 37.57513802642601 r: 159.37967889026035
-147.60473274673458 -47.820097266565895 r: 155.1577224369408
119.15806767436439 111.35322652792529 r: 163.089503494455
-96.40600493363736 -117.08952775502453 r: 151.6709441427697
52.75802529936582 156.74006908016 r: 165.38094959438905
-14.995165323673765 -149.28707102761732 r: 150.03827697987325
-26.704570422334665 163.57492084820635 r: 165.74042600385218
71.24926413332246 -132.95220484453654 r: 150.84013528422582
-99.59689763593443 130.40841224520236 r: 164.09112103650654
134.83683294262144 -73.95696365349748 r: 153.78752872336935
-147.28791397168115 64.50506319103229 r: 160.7937585213071
157.69272669027734 7.731845788671656 r: 157.88216330641757
-155.55455765804524 -18.3765535366897 r: 156.63626057869533
136.1715420764344 87.55843733825407 r: 161.892460666305
-119.09699652349217 -95.64934124916918 r: 152.75107548661228
78.87759707726937 144.6631063354896 r: 164.76980808181222
-46.011205593139984 -143.13977075486054 r: 150.35300133980772
1.851513802634777 165.83773701479006 r: 165.8480724082979
41.8281358386321 -144.33646796062487 r: 150.2751108170729
-75.63036049225033 146.5275607227377 r: 164.89474667054535
116.23396578459578 -98.79181488624585 r: 152.54559151457917
-134.23446102854072 90.89753119401945 r: 162.11493362670373
154.76112941707922 -22.387269525968204 r: 156.37198283349318
-157.7105707099652 11.757140213008775 r: 158.1482040987228
148.58584874215575 60.81126167455927 r: 160.54832292141361
-137.0100923927829 -70.36549374038364 r: 154.02294675406932
102.46889293432001 127.95375121759704 r: 163.9269241761092
-75.0931609205356 -130.96858101239582 r: 150.9693744752158
30.349373522357187 162.89138307947417 r: 165.69455982241408
10.646016415755396 -149.63724356064424 r: 150.01547362173042
-49.245121549931795 157.96510726607312 r: 165.46315937407198
92.9494350958146 -119.64110734447198 r: 151.5044291472778
-116.66574683911502 114.23729330838795 r: 163.28213517698478
146.03634080000492 -51.662626263091276 r: 154.90526068102088
-154.15723053556607 41.47064498688021 r: 159.6379219421987
155.85599953421973 31.963827128917647 r: 159.09990206011452
-149.5596832197752 -42.3208877191318 r: 155.4321600639162
122.7253097354139 107.08472056440755 r: 162.8761462830286
-101.05640735035375 -113.35128539969551 r: 151.85819493304882
57.89047812726615 154.81438631740613 r: 165.28400306332898
-20.98661832473882 -148.59911409667757 r: 150.07376472596957
-21.301027334260272 164.40660550133026 r: 165.78077602051735
65.84462863527708 -135.56645052774863 r: 150.71090746462272
-95.25544242852345 133.8200900725982 r: 164.26020765630378
131.69038806433974 -78.94341881542216 r: 153.53964205638732
-145.17611866794743 69.72919385520757 r: 161.05361190357414
157.58332686617962 1.984929773761681 r: 157.5958275222411
-156.41006944209212 -12.657669195883177 r: 156.9214020213702
138.91058087796978 82.66813634729256 r: 161.64829181587268
-122.89472245170865 -91.10058526196065 r: 152.9785260798203
83.5931103037418 141.82529425126867 r: 164.62752558339838
-51.732244852169025 -141.27321812805943 r: 150.44715789174293
7.313508868305402 165.67769304384547 r: 165.83903456152132
35.99130962298132 -145.82614736497092 r: 150.20199607091618
-70.76370742186593 149.07844786284514 r: 165.0208650603992
112.14102559621283 -103.09872267300268 r: 152.33173089863837
-131.21557408509858 95.60106495302894 r: 162.3486695437793
153.54642724954297 -28.06104491087303 r: 156.0894857528502
-157.46606226130544 17.480111444531513 r: 158.43331423723535
150.38311069511332 55.45183274032463 r: 160.28095874619555
-139.8244032584361 -65.20478245365514 r: 154.28067734297204
106.60943422700478 124.28310288772447 r: 163.74327812036367
-80.30730731038524 -128.01286729584012 r: 151.1176951940011
35.69807314434413 161.7437990443533 r: 165.6363757014717
4.620555725938873 -149.93081012530027 r: 150.00199118693507
-44.01404524457737 159.58442915371043 r: 165.5428228800854
88.05610525142279 -123.07771414428782 r: 151.33407214184345
-112.86015128014435 118.27570795502774 r: 163.48258879538238
143.73096481834844 -57.045188925294234 r: 154.63745932708485
-152.85189399224612 46.99384460889071 r: 159.91286042136014
156.62346120118795 26.311342721630055 r: 158.81812035928112
-151.30739160601541 -36.76288042490718 r: 155.7094606366361
126.1445533529053 102.68723084833584 r: 162.65643460958867
-105.55675521277252 -109.44457641440384 r: 152.05375325054445
62.95609470781545 152.7101196011406 r: 165.17823854689243
-26.945795317749255 -147.6824614004578 r: 150.1205691789228
-15.873110414754642 165.05031498641947 r: 165.8118274169707
60.339993123218115 -137.97465368395993 r: 150.5918982857932
-90.80196630215161 137.07454651676025 r: 164.42149612235178
128.35469586547111 -83.81627306414134 r: 153.29740891835158
-142.8833035417304 74.86653218112149 r: 161.30913201621652
157.2643521606138 -3.7644723508808347 r: 157.30940122121788
-157.05490075776163 -6.921581253512288 r: 157.2073475988935
141.47829657791019 77.6760311802107 r: 161.3991146893197
-126.51391012578834 -86.41932531789934 r: 153.212497022002
88.21096627328917 138.821948705815 r: 164.4770744308984
-57.37430800438528 -139.19083585901092 r: 150.55198439778928
12.767143444541777 165.3284170043385 r: 165.8206423244523
30.099269753168233 -147.09196448880093 r: 150.1399748796058
-65.81496946452869 151.45655748273202 r: 165.1384237848265
107.88310414742456 -107.25379780879626 r: 152.12541308043902
-128.0369198056802 100.18834791083115 r: 162.5766215986417
152.1216085405917 -33.69626698920145 r: 155.80892847967527
-157.0154072738358 23.18035221950968 r: 158.71725441926296
151.99016195478572 50.02241940431092 r: 160.01016147139774
-142.44063348207192 -59.95154465813724 r: 154.54294475539984
110.62342248817082 120.46507474004216 r: 163.552364199116
-85.40046357741959 -124.8641343405549 r: 151.27554734276887
41.005817839048504 160.41080752408018 r: 165.56903172748437
-1.4120219732410557 -149.99330466900003 r: 149.9999508385932
-38.73238981233828 161.02051366177236 r: 165.61341684922738
83.03067271869965 -126.32952407322558 r: 151.17288534882007
-108.91994848614958 122.17320839458576 r: 163.67604598001614
141.2233655884526 -62.347337302752635 r: 154.3736682756258
-151.35190057662214 52.45735073626202 r: 160.1848040683726
157.18735045039614 20.624813530983005 r: 158.5346841382146
-152.84654355179836 -31.15404618041033 r: 155.98923190125316
129.4110643061421 98.16556318265938 r: 162.43060475112793
-109.90096444183052 -105.3758222153832 r: 152.25730160755032
67.94888848414489 150.42936307005542 r: 165.06375955942997
-32.86356963983746 -146.53873317388224 r: 150.17860876196283
-10.427040807309123 165.50541766265775 r: 165.83355045251872
54.743502210794496 -140.17266424992823 r: 150.4833108262387
-86.24201723721468 140.168423205505 r: 164.57482310809752
124.83368246750045 -88.56795722421572 r: 153.06120124076915
-140.41316422505346 79.91111074218605 r: 161.56002694893857
156.73509351636253 -9.508687056994704 r: 157.02326155423842
-157.48932405350402 -1.1760665065549538 r: 157.4937151865351
143.87072120402672 72.58783899476308 r: 161.14521025986602
-129.95013446361773 -81.61293129435239 r: 153.45262461609775
92.72549013351734 135.65613762445605 r: 164.31860575019005
-62.92896266731442 -136.8962425711743 r: 150.66730093981923
18.20617869603429 164.79024593251535 r: 165.7929132900765
24.160998405067357 -148.13170024059121 r: 150.0891550382573
-60.790048370712164 153.65950191206514 r: 165.24730711505552
103.46582512542322 -111.25029037640243 r: 151.92696955352767
-124.70301664304502 104.65430163004159 r: 162.7985417918333
150.4875074530929 -39.28497712761145 r: 155.53070220172492
-156.36028605706792 28.85056087053587 r: 158.9996664096897
153.40400202840226 44.529570598064 r: 159.7362529170445
-144.85609259581412 -54.613650032887485 r: 154.80936125455005
114.5056372292625 116.50370299288313 r: 163.35438092788755
-90.36535493173204 -121.52770897961956 r: 151.44266711126363
46.26646147882784 158.8937155486414 r: 165.4925928814472
-7.442425393989096 -149.8246215936716 r: 150.009356146315
-33.40628107975322 162.27194446733364 r: 165.67487310026493
77.8802815630476 -129.39105740252293 r: 151.02113756717156
-104.8502932196319 125.92565674408812 r: 163.8623050450368
138.51606063299252 -67.56116526353492 r: 154.11427612343232
-149.6601306938519 57.8545417541019 r: 160.4534285108235
157.54584753792298 14.91148811430317 r: 158.24994961839792
-154.1761381732687 -25.502344521098514 r: 156.27108228362547
132.5202399367006 93.52470101361642 r: 162.1989016379798
-114.08325412580496 -101.15165987320181 r: 152.4685120509704
72.86292233065507 147.97439647552147 r: 164.94067861767118
-38.73090634256476 -145.16994539412792 r: 150.24778251891308
-4.969051482630093 165.7714666289743 r: 165.8459243423189
49.06349652097645 -142.15667815995474 r: 150.38533118737618
-81.58122155602015 143.09854640475413 r: 164.72003428158342
121.1316037258757 -93.19102331771579 r: 152.83138502351417
-137.76956858065404 84.85712557915467 r: 161.80601283158782
155.9951220791371 -15.239964563631366 r: 156.7377894203744
-157.71389491956532 4.571169161731603 r: 157.78012624600368
146.08405528986015 67.40944260160326 r: 160.88686758648066
-133.19929860834478 -76.68890224622484 r: 153.69853895690105
97.13108231862078 132.3311141244752 r: 164.15227966072104
-68.38796435036156 -134.39340819935185 r: 150.79291042825565
23.624385029222296 164.06370165080213 r: 165.75587400563626
18.185579072029658 -148.94352854469722 r: 150.04962506294402
-55.694898146012186 155.68507880237553 r: 165.34740832924038
98.89511931223622 -115.08165825117474 r: 151.7367216253917
-121.21851815762285 108.99402388875113 r: 163.01419075587128
148.64526978303002 -44.81919886657325 r: 155.2551989980085
-155.50262398866175 34.48355146624495 r: 159.2801977305537
154.62183888963142 38.97998008999032 r: 159.4595619880701
-147.06841828607764 -49.19901538641292 r: 155.07953692270684
118.2509627221265 112.40320642809081 r: 163.14953570275873
-95.19496915228692 -118.00920034596552 r: 151.61877693148395
51.4738887169266 157.1940153694577 r: 165.40713312192992
-13.46136855515784 -149.4250637138942 r: 150.03019065934407
-28.041874037884032 163.33749025667325 r: 165.72713242829425
72.61233252615374 -132.25712443334373 r: 150.87908336898687
-100.656442307439 129.5290976252667 r: 164.04117321455203
135.6118970941579 -72.67882121539446 r: 153.8596688113417
-147.7796692127095 63.17894275984622 r: 160.71841662009294
157.69738188996567 9.178727614630544 r: 157.96427854288214
-155.2954831977048 -19.815711201589416 r: 156.55462149688657
135.46761589536848 88.76980366120482 r: 161.9615787723247
-118.0981534210149 -96.77892575035614 r: 152.68704696485068
77.69231323478543 145.3476851925991 r: 164.8091172436128
-44.538881666285064 -143.57850364890376 r: 150.32797041848735
0.49461676290456513 165.84819969698452 r: 165.84893725457817
43.30849619995193 -143.9232483774554 r: 150.29812795447575
-76.82527874616349 145.8619272526818 r: 164.85698431153094
117.2530430132422 -97.67816080009786 r: 152.60831954108858
-134.95654941278673 89.6989391737158 r: 162.0468139714444
155.04429589970144 -20.950488702161294 r: 156.45336898863368
-157.72944527387548 10.312500341660536 r: 158.06620628616741
148.1146752363279 62.14688735668407 r: 160.6243836672604
-136.25763563286316 -71.65485034447518 r: 153.94986471623557
101.42222373527747 128.85031630999936 r: 163.97826526889338
-73.74327236640741 -131.68664255312083 r: 150.92859916602805
29.015545928924904 163.14949084171192 r: 165.70955997607197
12.1821770947569 -149.5260218124381 r: 150.02145392516942
-50.535520655243154 157.53127102317592 r: 165.43862970320387
94.17721734688033 -118.74158321062696 r: 151.5549796297297
-117.58820653696154 113.20279012425263 r: 163.22333781814018
146.59635766564728 -50.290950437462485 r: 154.98281122994797
-154.4445838920161 40.0722604842269 r: 159.55850197934842
155.64109668722128 33.38048151222409 r: 159.1804244371427
-149.07557390281488 -43.71559037546742 r: 155.35308035674504
121.85439392077829 108.16798562884264 r: 162.93804476794767
-99.88256763222243 -114.31448495209251 r: 151.80358621148474
56.62201910927935 155.31338459792977 r: 165.31273539348396
-19.459591202017855 -148.79534130267714 r: 150.06241795709488
-22.645348801895885 164.21610462259815 r: 165.77014459720914
67.23447042425589 -134.9228396591506 r: 150.74696240693876
-96.34374891993241 132.97975878379125 r: 164.21246664654387
132.51405311057806 -77.69252311840742 r: 153.61022889214564
-145.71379781983978 68.42423002993797 r: 160.9794587215121
157.64063963427844 3.433998169483918 r: 157.67803781038265
-156.20418961052573 -14.102046346405942 r: 156.83946111561738
138.24887296396884 83.90620441957094 r: 161.71889814089886
-121.94050736553403 -92.26463911274323 r: 152.91255987383315
82.43123701141157 142.5518802364537 r: 164.66920596814617
-50.2787019516816 -141.76719589945236 r: 150.41903371295712
5.957719244123688 165.73553938468442 r: 165.84258630919888
37.48718370892773 -145.469294996631 r: 150.22185170355127
-71.97995641985044 148.45576193003788 r: 164.98553687045313
113.20290807630148 -102.02221295081539 r: 152.39235654163593
-131.97829730133247 94.43108313345805 r: 162.28216297645582
153.88276635287022 -26.632387338960747 r: 156.17038719227307
-157.5370763304807 16.040391128826865 r: 158.35158529778425
149.95914080269281 56.80637769987531 r: 160.35806327610328
-139.12170942388013 -66.51848499175459 r: 154.2062219192884
105.5934811752006 125.21736693760836 r: 163.79674065586622
-78.98706505002075 -128.78058301808085 r: 151.07413745473784
34.373462001392554 162.04850513752035 r: 165.65401566900255
6.16001961083894 -149.87815528897505 r: 150.00469084142682
-45.317961126541825 159.19624664197758 r: 165.52088250598507
89.31864129494427 -122.22398700616 r: 151.38204213993447
-113.81698613808094 117.27605487012622 r: 163.42576106433455
144.34255369650086 -55.69225803694211 r: 154.71393089466952
-153.18855834456045 45.60975326453723 r: 159.83423913710342
156.45942354205658 27.738042721475924 r: 158.89918259428234
-150.87584543228087 -38.17134343875128 r: 155.62959935315843
125.31104271762817 103.80262188903961 r: 162.72013316740544
-104.42169562904675 -110.44969121433539 r: 151.99679209571272
61.704811508537226 153.25368629255252 r: 165.20949163277575
-25.427879314824413 -147.93656989947786 r: 150.10598175979655
-17.222906447279826 164.90692601746315 r: 165.8038683355151
61.75457040589606 -137.38363542033863 r: 150.62499874630805
-91.91765684341289 136.27405172912344 r: 164.37601045850704
129.226038327961 -82.59457403007288 r: 153.36633477119037
-143.46598737719748 73.58423527655874 r: 161.23625279492865
157.3745710021704 -2.3151373828538455 r: 157.39159907446984
-156.90216593003723 -8.36920292486137 r: 157.12521513472765
140.8598441263716 78.93940822198442 r: 161.47113010610536
-125.60548185134266 -87.61598553056913 r: 153.14469625684356
87.07393332831192 139.58981812065323 r: 164.521084327269
-55.9417222399604 -139.7391840807123 r: 150.52081535361174
11.414011570436418 165.4335929217101 r: 165.82687757753914
31.608385645603548 -146.79211442445032 r: 150.1566345531296
-67.05108515531269 150.8774318949023 r: 165.10556464185535
108.98642671307175 -106.21619356793707 r: 152.18383943029312
-128.83915338374737 99.0482608645463 r: 162.51180087898845
152.5109841345578 -32.277743712532384 r: 155.8892331781232
-157.13815135019266 21.74740404749087 r: 158.6358981837367
151.61420282062278 51.3942729217894 r: 160.08821876107035
-141.7884149356689 -61.28759681063242 r: 154.46722672719952
109.6395131819217 121.43607269159308 r: 163.60789284605636
-84.11175448459014 -125.68018126304742 r: 151.22928024952188
39.691955458127126 160.7618211207225 r: 165.58929451550037
0.1283747780292227 -149.99931018829736 r: 149.99936512215206
-40.04830334530843 160.6783589925887 r: 165.59408700007694
84.32619481462012 -125.52304737825264 r: 151.21819518509113
-109.90987688900411 121.20945328272605 r: 163.62124740648258
141.8859642914732 -61.01516995453731 r: 154.44894893621736
-151.73716184418743 51.0892303688415 r: 160.10707587177302
157.07469936391047 22.05975931657653 r: 158.61618505489326
-152.46783794740992 -32.5742478386137 r: 155.90870158720801
128.61614453116496 99.31187567861487 r: 162.4960346742842
-108.80619171923446 -106.42118340030713 r: 152.19808025321677
66.71626878550114 151.01696891267883 r: 165.09750276800747
-31.357085679653753 -146.8502668265581 r: 150.16080610249955
-11.78076466699628 165.40927772367934 r: 165.82827133275083
56.18072311031045 -139.6352749096595 r: 150.51340022833034
-87.3836947823062 139.40857231881424 r: 164.5316387500511
125.75169351435285 -87.37737803644698 r: 153.12835992804173
-141.03989030666463 78.65294959126157 r: 161.48850465937667
156.8983975350426 -8.061028352240053 r: 157.10533831528411
-157.38961208204609 -2.62497579969115 r: 157.411500498807
143.29652171156482 73.87508909885224 r: 161.21855328713357
-129.0885675071077 -82.84030041125007 r: 153.38309435287601
91.61471066872366 136.46452075085827 r: 164.36490085987148
-61.519463952259215 -137.4979947402044 r: 150.6331404523938
16.857253514638266 164.94265226513042 r: 165.80182608256314
25.68105432935556 -147.8893873979084 r: 150.10258977244843
-62.04455381702663 153.12450386003442 r: 165.2169493143352
104.60914181279699 -110.2533032875278 r: 151.9831024707071
-125.54360255833265 103.54534950119636 r: 162.73547722193058
150.92970499894648 -37.87860765989204 r: 155.61029776117337
-156.53428824458328 27.426207714544415 r: 158.91878512573527
153.07681071571983 45.91708330264229 r: 159.81516986168148
-144.2549772134081 -55.97004270808464 r: 154.73249216498036
113.55507541373423 117.51042390453735 r: 163.4119177980692
-89.10999943595566 -122.3906897436261 r: 151.3937678221814
44.964873713850295 159.29070052480063 r: 165.51545892086403
-5.903468092763345 -149.889275532566 r: 150.0054860836755
-34.732665900586404 161.976146425756 r: 165.65817242593167
79.20695322542733 -128.63321304368708 r: 151.0637115166896
-105.87200855702889 124.99880172769907 r: 163.8095926045243
139.22902285312625 -66.25177014387975 r: 154.1882545845624
-150.09322321056027 56.50403246126832 r: 160.37668576859647
157.48504348730125 16.35284872750946 r: 158.33178639711602
-153.85047118386052 -26.932269176847612 r: 156.18999521899624
131.76506446204013 94.7006856664429 r: 162.26599174928805
-113.03019549263729 -102.23554594589457 r: 152.4071256469294
71.65044184805001 148.60546658908913 r: 164.97687873511754
-37.23814926258393 -145.5383466441182 r: 150.22679556059896
-6.325154260593962 165.72266775072387 r: 165.84333023319667
50.521219723177495 -141.6738640789573 r: 150.41235788784263
-82.74747138447493 142.3801008359483 r: 164.67919460144108
122.0951897422727 -92.03345586076318 r: 152.896672154356
-138.43933333881841 83.62452647012462 r: 161.73592811323354
156.21161913554576 -13.795945003512363 r: 156.8196354143471
-157.66701291593355 3.1229081906032166 r: 157.69793758131428
145.55506450051254 68.71908770923282 r: 160.96145444589396
-132.38558245467178 -77.94505290039706 r: 153.62738594895245
96.04795126102815 133.1791953898992 r: 164.200813110477
-67.00363175464358 -135.04750877794348 r: 150.75581678807822
22.28121284818331 164.26319416476863 r: 165.76745580239364
19.71424882780608 -148.75918594572724 r: 150.0598114422383
-56.96630491856236 155.19472979818147 r: 165.31958157824252
100.07690528504887 -114.1269460110469 r: 151.7904699816199
-122.09626670982877 107.91740182535773 r: 162.95295014578093
149.13999502399233 -43.427007738631886 r: 155.3339728355895
-155.72735206375563 33.069584457325725 r: 159.19989195024317
154.34412028920335 40.381465338511056 r: 159.53924348176358
-146.51894999891323 -50.57373073661525 r: 155.0016288604855
117.33502668568298 113.444593711045 r: 163.2090203683424
-93.97471807709293 -118.91764720590255 r: 151.56732647459543
50.18609388548677 157.6365902790769 r: 165.43258026850833
-11.926219518005343 -149.54824881784145 r: 150.02304301831327
-29.377197570186276 163.0883323617453 r: 165.7130770024287
73.9682516681153 -131.54921888654175 r: 150.91884986474327
-101.70861444974312 128.64009898917712 r: 163.9906013198067
136.3744918260437 -71.39419328302544 r: 153.9322346207761
-148.25977775382287 61.84764585288756 r: 160.6427495941138
157.68882240186986 10.624642693926448 r: 158.04634681909624
-155.0229749494856 -21.253352316320424 r: 156.47308952938354
134.75330427680254 89.9741666595241 r: 162.03025544506295
-117.08815510802056 -97.89956680523595 r: 152.62359335061123
76.50143474216317 146.0215989563105 r: 164.8477384721035
-43.062115358677204 -144.0031152430406 r: 150.30383554275807
-0.8623145750434135 165.84678886418806 r: 165.8490306362654
44.7845351025464 -143.4958631657088 r: 150.32204538930088
-78.01466952027644 145.1856026041287 r: 164.81853009865708
118.26102602567748 -96.55546160315839 r: 152.67163273524312
-135.66830991848556 88.4932854583797 r: 161.9782451051885
155.31402079034115 -19.512088939931754 r: 156.53487365076936
-157.73513151827188 8.866800601735621 r: 157.98415068606556
147.63180533841435 63.47740773928601 r: 160.70012831600053
-135.49267465454486 -72.93782922191599 r: 153.8771971951911
100.36811673403682 129.73723412487928 r: 164.02898760618802
-72.38613030280749 -132.39194999586124 r: 150.88863537033413
27.679669781034004 163.39588017494364 r: 165.7237996708126
13.717114929519644 -149.3999792941397 r: 150.028374166619
-51.822329638361474 157.08604709159061 r: 165.4133611290467
95.39587061591729 -117.83074549395792 r: 151.60625552473326
-118.50189782508764 112.15964824992243 r: 163.16398647892197
147.1432352671941 -48.91496421098486 r: 155.06065074240712
-154.71944731640704 38.670437710586015 r: 159.4788704832799
155.4135015452018 34.79421634770126 r: 159.26077343084543
-148.57821363324186 -45.10660520507385 r: 155.27424577041631
120.97433517675684 109.24293697339456 r: 162.99941426284747
-98.69909967644776 -115.2668636219794 r: 151.74966927868203
55.349527241905946 155.80112252944767 r: 165.34073892219803
-17.930610633551375 -148.9768353648758 r: 150.0520052282719
-23.988072980481448 164.01382523168888 r: 165.7587479213326
68.61767250491083 -134.2661003998415 r: 150.78385423039003
-97.42502546925928 132.12952706071817 r: 164.16408714750884
133.32546415688267 -76.43463984356107 r: 153.68127264134398
-146.24005954093633 67.11370721403408 r: 160.90495551892644
157.6846572904834 4.882579680269089 r: 157.76023177325573
-155.9848838809442 -15.545409282058555 r: 156.75759550687923
137.5765091997031 85.13760769821592 r: 161.78908531835918
-120.97483337641135 -93.4202210339781 r: 152.8471393533023
81.26340932055969 143.26797115211443 r: 164.71020992168008
-48.82015459642877 -142.24726288046045 r: 150.3917926344454
4.60151035455478 165.7815185377204 r: 165.84536709301108
38.979310881117705 -145.09809696899694 r: 150.24261852347774
-73.19104131289708 147.82222806775022 r: 164.94950633263554
114.25402649881133 -100.93619894525948 r: 152.4535956568689
-132.73097304939083 93.25371475147512 r: 162.21518585381457
154.20567905255814 -25.20160319843105 r: 156.2514392120333
-157.59500218954608 14.599140374245966 r: 158.26976848024378
149.52325848878144 58.15621268540135 r: 160.43487745192
-138.4063228742928 -67.82631686949995 r: 154.13214937729506
104.56975332864242 126.14221363112809 r: 163.8495998499059
-77.65907950539574 -129.53587304829597 r: 151.03137103267528
33.04642081541094 162.34155672351582 r: 165.67089958144047
7.69886537358016 -149.8106384612276 r: 150.00833284921592
-46.61866345706897 158.79657840945208 r: 165.4981966580685
90.57248484138094 -121.3585613126942 r: 151.43076112279545
-114.76537159818923 116.26749811150387 r: 163.36836179376658
144.9411260680134 -54.33450192946406 r: 154.79072364255777
-153.51291028351872 44.22179834037085 r: 159.75537885208152
156.2825463946214 29.162269165870747 r: 158.9801001713412
-150.43097206764105 -39.576632696896226 r: 155.54995086093868
124.46808446258481 104.90998937697114 r: 162.7833219984816
-103.2766149063072 -111.44440492536134 r: 151.94049682580868
60.44912337470866 153.7861147571619 r: 165.240024234063
-23.907413525618086 -148.1760464375569 r: 150.0923221199203
-18.571488613981877 164.75171835981817 r: 165.79514133970304
63.163032007436016 -136.77920738021717 r: 150.6589532153096
-93.02666447927768 135.46345166325955 r: 164.32987263630542
130.08536408745306 -81.36539135703072 r: 153.4357483132532
-144.03749377195095 72.29600774437458 r: 161.16299931398484
157.4714314388575 -0.8658030851804532 r: 157.47381158270449
-156.73603176163104 -9.816307780563129 r: 157.04312640426437
140.23047483512607 80.19646993100513 r: 161.54274933242758
-124.68531286155387 -88.804654311315 r: 153.07741136671905
85.93059009581755 140.3473737458105 r: 164.56443003140635
-54.503581548057824 -140.27385609086488 r: 150.49051499734614
10.060075872925015 165.52691893817212 r: 165.8323431051169
33.11433757040049 -146.47776425874952 r: 150.1742147473002
-68.28240302875432 150.28731298074987 r: 165.07199340395422
110.07933642956442 -105.1686377245792 r: 152.24290679574207
-129.63162809990737 97.90047382169702 r: 162.44648896896933
152.88696815136828 -30.856583281720006 r: 155.96972065865612
-157.2479232366283 20.31246272406656 r: 158.55442442312716
151.2261272511557 52.76182189655899 r: 160.16601204134088
-141.12333704868502 -62.61828870130354 r: 154.39185969356205
108.64749753999614 122.39789462485678 r: 163.66283429753076
-82.81482923004204 -126.4841504809599 r: 151.18378306978278
38.375282927064525 161.10125516102096 r: 165.60880639080952
1.6687594912445083 -149.99043969407106 r: 149.99972252594463
-41.36138164233447 160.3246316728509 r: 165.57400584753077
85.6134792847068 -124.70450474769046 r: 151.2642764819231
-110.89168101071479 120.23654100331932 r: 163.5658604655171
142.53569069440675 -59.677664023186324 r: 154.52458285009507
-152.1103012611987 49.71683080488066 r: 160.02908177907466
156.94907642380517 23.492686136452257 r: 158.69757053021098
-152.07574936045503 -33.991788328874456 r: 155.82835177636625
127.81147984629021 100.45046621761705 r: 162.56097484893252
-107.70102529407654 -107.45657728491696 r: 152.1394979983326
65.47887458994472 151.59356986195442 r: 165.1305345508727
-29.84746151221083 -147.14729614390706 r: 150.14392335750918
-13.13365877290513 165.3012898937634 r: 165.82222237476228
57.61236607867917 -139.08421699226406 r: 150.54435938132966
-88.51904081950502 138.63842267743826 r: 164.48778930392743
126.65794718153099 -86.17882599377337 r: 153.19603661291163
-141.65568926882028 77.38849693664778 r: 161.41658452692556
157.04829751053796 -6.612878020747464 r: 157.18746103514658
-157.27654546400422 -4.073860385640709 r: 157.32929826174362
142.71115415425425 75.15638439237165 r: 161.2915237542669
-128.21499985636297 -84.06016668331453 r: 153.3140496203586
90.49726894595666 137.26278279851712 r: 164.4105447599688
-60.10387230684394 -138.0863287090645 r: 150.5998328107479
15.507140284158513 165.08323695953086 r: 165.8099711260731
27.19853663301312 -147.63244601697494 r: 150.11695277993215
-63.29463063737863 152.57837827225262 r: 165.1858704118267
105.74241774340271 -109.24593005511835 r: 152.0399031301589
-126.37472611776231 102.42839521691455 r: 162.67190153204663
151.35856589928065 -36.469088029092596 r: 155.6901083972922
-156.69544964114743 25.99940676915997 r: 158.83775713157627
152.7373114388978 47.30070694434763 r: 159.89384973480975
-143.6408574871918 -57.3215880026028 r: 154.65594198347466
112.59608142341783 118.50822165479215 r: 163.46888435323183
-87.84597251813463 -123.24195942076727 r: 151.345615891333
43.66009721783336 159.67619196355307 r: 165.5375799299123
-4.3639167444700036 -149.93906667256329 r: 150.00255825815788
-36.05659534347331 161.6686998673304 r: 165.64071535874243
80.52585976725861 -127.8629539973422 r: 151.10707824646286
-106.88593045288287 124.06254754543198 r: 163.75627570337903
139.92927862252895 -64.93652553344766 r: 154.2626181684255
-150.51439693021015 55.14883836176261 r: 160.29965082905414
157.41115059403734 17.792653086816554 r: 158.41353741144255
-153.51138550284847 -28.360042869146287 r: 156.10905646548497
130.99985466778605 95.86926125661618 r: 162.3326127950585
-111.96639145831728 -103.30991128320275 r: 152.34635074572796
70.4328202031372 149.22567632866787 r: 165.01237722521242
-35.7416689830965 -145.89239717462857 r: 150.2067190742705
-7.68081168665287 165.66200275358852 r: 165.83996510038162
51.97391513069449 -141.17714608499006 r: 150.44026864744444
-83.90774494564441 141.65117451057992 r: 164.63767765031818
123.04729947115995 -90.86743451350702 r: 152.96250704735394
-139.09843100665998 82.38528613684275 r: 161.66542264926042
156.41468463369839 -12.350936355754854 r: 156.90155894038537
-157.6068386104846 1.6741860421743473 r: 157.61573041957186
145.01466480908195 70.02314915352605 r: 161.03569302197369
-131.55962773679227 -79.19419599276038 r: 153.55668767325997
94.95781046317356 134.01735955482414 r: 164.24870906648553
-65.6126821283964 -135.6884716594271 r: 150.71955877507452
20.936469273501956 164.4509042491985 r: 165.77827256314183
21.240940982949283 -148.56011284898912 r: 150.07093224054256
-58.23365456960875 154.69313034155473 r: 165.29102546539468
101.24904273599867 -113.16142725515174 r: 151.84491191139426
-122.96485665657971 106.83248706591182 r: 162.89117921256943
149.62145891718993 -42.031152215579816 r: 155.41299406766987
-155.93938552802848 31.652723879672376 r: 159.11941078278878
154.05391529633073 41.779486438568135 r: 159.61871539766113
-145.95635390623892 -51.94411278116226 r: 154.92400749472424
116.41033891280979 114.47732198437937 r: 163.2679523192182
-92.74535893021667 -119.81476700752518 r: 151.51659973799
48.8947337237877 158.06776868931937 r: 165.4572890033566
-10.389872001163376 -149.6566115099186 r: 150.01683508470396
-30.710446713385387 162.82746115601404 r: 165.6982608353176
75.31689483079741 -130.82856962464987 r: 150.95942924171797
-102.75332923051258 127.74147077745516 r: 163.93940961325174
137.12456768131372 -70.10320854411476 r: 154.00521715177976
-148.72818246052913 60.5112689037513 r: 160.566764687947
157.6670729971811 12.06947178771773 r: 158.128359432244
-154.7370319814804 -22.689349413310403 r: 156.39167382964152
134.02867727260983 91.17144466829984 r: 162.098484429529
-116.06708094476467 -99.01114529441377 r: 152.56072289927727
75.30505157818051 146.6848080746872 r: 164.88566861040485
-41.58105155709773 -144.41355522236609 r: 150.2806001470496
-2.2191851178660196 165.83350463525562 r: 165.84835254592886
46.25610767797863 -143.05436284662446 r: 150.34685971768894
-79.19844291744076 144.4986265583387 r: 164.77938717507524
119.25783555141783 -95.42383664824014 r: 152.7355228526718
-136.3696726565446 87.28065191577637 r: 161.90923327375756
155.5703052255429 -18.072197921794 r: 156.61648765597153
-157.727604913101 7.420160382865531 r: 157.90204600235785
147.1372964896872 64.80272626401786 r: 160.77554960112357
-134.71525922115862 -74.2143016169735 r: 153.8049532086632
99.30665712890801 130.61445023077115 r: 164.079086903862
-71.02186182182837 -133.08442196521597 r: 150.84948865161772
26.34183975476945 163.63053726069913 r: 165.73727777989777
15.250675741722954 -149.25913106826923 r: 150.03623334992767
-53.10545528913437 156.62946094320574 r: 165.38735567396157
96.60528741883621 -116.90869598727527 r: 151.65824987359278
-119.40674124236735 111.1079345712968 r: 163.10408633391512
147.67694760472207 -47.534798710465196 r: 155.13876995223427
-154.9817765681488 37.26528453960635 r: 159.39903544261935
155.17325515034833 36.20492133829772 r: 159.34094088798219
-148.067623260906 -46.49380129953293 r: 155.19566558835993
120.08521161781981 110.3095049157117 r: 163.060249368281
-97.50610607553214 -116.20831573365456 r: 151.69645140103202
54.073095446652154 156.2775721028803 r: 165.36801139746981
-16.399829983655593 -149.1435744398381 r: 150.04252803850093
-25.329104863879483 163.79977873546392 r: 165.74658689394585
69.99410366399536 -133.5963089779039 r: 150.82157776739274
-98.49918576507733 131.2694467977045 r: 164.11507322290228
134.12456581953873 -75.16989690349745 r: 153.75276438738334
-146.75484382652803 65.79771953780892 r: 160.830109379198
157.71540039510552 6.330552726521015 r: 157.8424005760547
-155.7521466032736 -16.987631316853644 r: 156.67581430867043
136.89355769037408 86.36226129206175 r: 161.8588468777846
-119.99777452645435 -94.56720913555966 r: 152.78227297363546
80.08971676696737 143.9735244499596 r: 164.75053406394824
-47.35674530136847 -142.71336229540017 r: 150.36543852626784
3.244977664881704 165.81562796082775 r: 165.84737669342022
40.4675433886044 -144.71259741834135 r: 150.26429356128327
-74.39687113354239 147.17788346386897 r: 164.91277638607963
115.29429576803697 -99.84079756995088 r: 152.51544018902317
-133.47352920111683 92.06903911603187 r: 162.14774423700996
154.51516149284632 -23.768821573632856 r: 156.33263258245086
-157.6398112321017 13.15647691516249 r: 158.1878723863238
149.07551846327263 59.50123812985477 r: 160.51139381389478
-137.67828789330963 -69.12814811773241 r: 154.05846883381713
103.53833491368344 127.05758548460561 r: 163.90185119722088
-76.32347376957308 -130.27865068573573 r: 150.9894018557285
31.71704424206496 162.62293725507868 r: 165.68702609716416
9.23693798308279 -149.72826770227394 r: 150.0129166852879
-47.916058399861875 158.38544728103182 r: 165.47476714892662
91.8175233130815 -120.48153468336328 r: 151.48022242856237
-115.70522658577153 115.25010181321426 r: 163.31039595574123
145.52665040455048 -52.97205180690317 r: 154.86782832661368
-153.824902231503 42.830085360459485 r: 159.67628740209267
156.0928672282899 30.583909272345526 r: 159.06086478429444
-149.97278711901964 -40.97861754120979 r: 155.47052444703314
123.61575508555063 106.00926064564719 r: 162.84599549269734
-102.12161049781162 -112.42860808413694 r: 151.88487497576318
59.189122781051026 154.30737421275222 r: 165.26983388393867
-22.38455006841383 -148.4008622618894 r: 150.07959222305206
-19.918761667359824 164.5847007599179 r: 165.78564711878047
64.56524290179645 -136.1614401421084 r: 150.6937569129556
-94.12890182502052 134.64279540265514 r: 164.2830865080931
130.93261204870896 -80.12885150751163 r: 153.5056407491613
-144.5977601314592 71.00194096805006 r: 161.0893784712868
